903f0054
903e0000
efc90001
efca0002
efcb0003
efcc0004
efcd0005
efce0006
efcf0007
efd00008
efd10009
efd2000a
efd3000b
efd4000c
efd5000d
efd6000e
efd7000f
efd80010
efd90011
efda0012
efdb0013
efdc0014
efdd0015
efde0016
efdf0017
efe00018
efe10019
efe2001a
efe3001b
efe4001c
efe5001d
efe6001e
efe7001f
efe80020
efc10021
efc20022
efc30023
efc40024
2049c400
408ac400
40cbc400
410cc400
3c40a400
204dc800
408ec800
40cfc800
4110c800
3c80a800
2051cc00
4092cc00
40d3cc00
4114cc00
3cc0ac00
2055d000
4096d000
40d7d000
4118d000
3d00b000
2a59c400
4a9ac400
4adbc400
4b1cc400
3c401400
ff850000
2a5dc800
4a9ec800
4adfc800
4b20c800
3c801800
ff860001
2a61cc00
4aa2cc00
4ae3cc00
4b24cc00
3cc01c00
ff870002
2a65d000
4aa6d000
4ae7d000
4b28d000
3d002000
ff880003
00000000
b0000000
00000000
00000000
00000000
00000000
00000001
00000001
ffffffff
ffffffff
00000000
00000001
00000001
00000001
ffffffff
ffffffff
00000000
00000001
00000001
00000001
ffffffff
00000000
00000000
00000001
00000001
ffffffff
ffffffff
00000000
00000000
00000001
00000001
00000001
ffffffff
00000000
00000000
00000000
00000000
00000000
00000000
00000000
00000000
00000001
00000000
00000001
00000001
00000001
00000000
00000001
00000001
00000001
00000001
00000000
00000000
00000001
00000001
00000000
00000000
00000000
00000000
00000001
00000001
00000000
00000000
00000001
00000001
00000001
00000001
00000000
00000000
00000001
00000001
00000000
00000001
00000000
00000000
00000001
00000000
00000000
00000000
00000001
00000000
00000001
00000001
00000000
00000001
00000001
00000001
00000000
00000001
00000000
00000000
00000001
00000000
00000000
00000000
00000000
00000000
00000001
00000001
00000001
00000001
00000001
00000001
00000001
00000001
00000000
00000000
00000000
00000000
00000000
00000000
00000000
00000000
00000001
00000000
00000001
00000001
00000001
00000000
00000001
00000001
00000000
00000001
00000000
00000000
00000000
00000001
00000000
00000001
00000001
00000000
00000001
00000001
00000001
00000000
00000001
00000001
00000001
00000001
00000000
00000000
00000001
00000001
00000000
00000000
00000000
00000000
00000001
00000001
00000000
00000000
00000001
00000001
00000001
00000001
00000000
00000001
00000001
00000001
00000000
00000001
00000000
00000000
00000001
00000000
00000000
00000000
00000001
00000000
00000001
00000001
00000000
00000001
00000001
00000001
00000000
00000001
00000000
00000000
00000000
00000000
00000000
00000000
00000000
00000001
00000001
00000001
00000001
00000001
00000001
00000000
00000001
00000000
00000000
00000000
00000000
00000000
00000000
00000001
00000000
00000000
00000001
00000000
00000001
00000001
00000001
00000000
00000001
00000001
00000000
00000001
00000000
00000000
00000000
00000001
00000000
00000000
00000001
00000000
00000001
00000001
00000000
00000000
00000001
00000001
00000001
00000001
00000000
00000000
00000001
00000001
00000000
00000000
00000000
00000000
00000001
00000001
00000000
00000000
00000001
00000000
00000001
00000001
00000000
00000001
00000001
00000001
00000000
00000001
00000000
00000000
00000001
00000000
00000000
00000000
00000001
00000000
00000001
00000001
00000000
00000001
00000001
00000000
00000001
00000000
00000000
00000000
00000000
00000000
00000000
00000000
00000000
00000000
00000001
00000001
00000001
00000001
00000001
00000001
00000001
00000001
00000000
00000001
00000000
00000000
00000000
00000001
00000000
00000001
00000001
00000000
00000001
00000001
00000001
00000000
00000001
00000001
00000000
00000001
00000000
00000000
00000001
00000001
00000000
00000000
00000000
00000000
00000001
00000001
00000000
00000000
00000001
00000001
00000001
00000001
00000000
00000000
00000001
00000001
00000000
00000000
00000000
00000000
00000000
00000000
00000000
00000000
00000001
00000000
00000000
00000001
00000001
00000001
00000001
00000001
00000000
00000001
00000001
00000000
00000001
00000000
00000000
00000000
00000000
00000000
00000000
00000001
00000000
00000001
00000001
00000001
00000001
00000001
00000001
00000000
00000001
00000000
00000000
00000000
00000000
00000000
00000000
00000000
00000000
00000001
00000001
00000000
00000001
00000001
00000001
00000001
00000001
00000000
00000000
00000001
00000000
00000000
00000000
00000000
00000000
00000001
00000001
00000000
00000001
00000001
00000000
00000001
00000001
00000000
00000001
00000001
00000000
00000000
00000000
00000000
00000001
00000001
00000000
00000000
00000001
00000001
00000001
00000001
00000000
00000001
00000001
00000001
00000000
00000000
00000000
00000000
00000001
00000000
00000000
00000001
00000001
00000001
00000001
00000001
00000000
00000001
00000001
00000000
00000001
00000000
00000000
00000000
00000000
00000000
00000001
00000001
00000001
00000001
00000001
00000001
00000001
00000001
00000000
00000000
00000000
00000000
00000000
00000001
00000000
00000001
00000001
00000000
00000001
00000001
00000001
00000001
00000001
00000000
00000000
00000001
00000000
00000000
00000001
00000000
00000001
00000000
00000001
00000001
00000000
00000000
00000001
00000000
00000000
00000000
00000000
00000000
00000001
00000000
00000001
00000001
00000000
00000001
00000001
00000001
00000000
00000001
00000000
00000000
00000001
00000000
00000000
00000000
00000000
00000001
00000001
00000001
00000001
00000001
00000000
00000000
00000000
00000000
00000000
00000000
00000000
00000000
00000001
00000001
00000001
00000001
00000001
00000000
00000001
00000000
00000000
00000001
00000000
00000000
00000001
00000000
00000001
00000001
00000001
00000000
00000001
00000001
00000000
00000001
00000000
00000000
00000000
00000001
00000000
00000001
00000000
00000000
00000001
00000001
00000000
00000001
00000001
00000000
00000001
00000001
00000000
00000000
00000001
00000000
00000001
00000001
00000000
00000000
00000001
00000000
00000001
00000001
00000000
00000001
00000001
00000001
00000000
00000001
00000000
00000000
00000001
00000000
00000000
00000001
00000001
00000001
00000001
00000001
00000000
00000001
00000001
00000000
00000001
00000000
00000000
00000000
00000000
00000000
00000001
00000001
00000001
00000001
00000001
00000001
00000001
00000001
00000000
00000000
00000000
00000000
00000000
00000000
00000000
00000001
00000001
00000000
00000001
00000001
00000001
00000001
00000001
00000000
00000000
00000001
00000000
00000000
00000001
00000000
00000001
00000001
00000001
00000000
00000001
00000001
00000001
00000001
00000000
00000000
00000001
00000001
00000000
00000001
00000000
00000000
00000001
00000001
00000000
00000001
00000000
00000000
00000001
00000001
00000000
00000001
00000000
00000000
00000001
00000000
00000000
00000000
00000001
00000000
00000001
00000001
00000000
00000001
00000001
00000001
00000000
00000000
00000000
00000000
00000000
00000000
00000000
00000001
00000000
00000001
00000001
00000001
00000001
00000001
00000001
00000000
00000000
00000000
00000000
00000000
00000000
00000000
00000001
00000001
00000001
00000001
00000001
00000000
00000001
00000000
00000000
00000001
00000000
00000000
00000000
00000000
00000000
00000001
00000001
00000000
00000001
00000001
00000001
00000001
00000001
00000000
00000001
00000001
00000000
00000000
00000000
00000000
00000001
00000001
00000000
00000000
00000001
00000001
00000001
00000001
00000000
00000000
00000001
00000000
00000000
00000001
00000000
00000000
00000001
00000000
00000000
00000001
00000000
00000001
00000001
00000001
00000000
00000001
00000000
00000000
00000001
00000000
00000000
00000000
00000001
00000000
00000001
00000001
00000000
00000001
00000001
00000001
00000001
00000001
00000000
00000000
00000000
00000000
00000000
00000000
00000000
00000000
00000001
00000001
00000001
00000001
00000001
00000001
00000001
00000001
00000000
00000001
00000000
00000000
00000000
00000001
00000000
00000000
00000001
00000000
00000001
00000001
00000001
00000000
00000001
00000001
00000000
00000001
00000000
00000000
00000001
00000001
00000000
00000000
00000000
00000000
00000001
00000001
00000000
00000000
00000001
00000001
00000001
00000001
00000000
00000000
00000001
00000001
00000000
00000000
00000000
00000000
00000001
00000000
00000000
00000000
00000001
00000000
00000001
00000001
00000000
00000001
00000001
00000001
00000000
00000001
00000000
00000000
00000001
00000000
00000000
00000000
00000000
00000000
00000001
00000001
00000001
00000001
00000001
00000001
00000001
00000000
00000000
00000000
00000000
00000000
00000000
00000001
00000000
00000001
00000001
00000001
00000001
00000001
00000001
00000001
00000001
00000000
00000000
00000001
00000000
00000000
00000000
00000000
00000000
00000001
00000001
00000000
00000001
00000001
00000001
00000001
00000001
00000000
00000000
00000001
00000000
00000000
00000001
00000000
00000000
00000001
00000000
00000000
00000001
00000001
00000000
00000001
00000001
00000000
00000001
00000001
00000000
00000001
00000001
00000000
00000000
00000000
00000000
00000000
00000001
00000000
00000000
00000001
00000001
00000001
00000001
00000001
00000001
00000001
00000001
00000000
00000001
00000000
00000000
00000001
00000000
00000000
00000000
00000000
00000000
00000001
00000001
00000000
00000001
00000001
00000001
00000000
00000001
00000001
00000001
00000000
00000001
00000001
00000001
00000001
00000000
00000000
00000001
00000001
00000000
00000000
00000000
00000000
00000001
00000001
00000000
00000000
00000001
00000001
00000001
00000001
00000000
00000001
00000001
00000001
00000000
00000001
00000000
00000000
00000001
00000001
00000001
00000001
00000001
00000000
00000000
00000001
00000000
00000000
00000001
00000000
00000000
00000001
00000000
00000000
00000001
00000001
00000000
00000001
00000001
00000000
00000001
00000001
00000000
00000000
00000001
00000000
00000000
00000000
00000000
00000000
00000001
00000000
00000000
00000001
00000001
00000001
00000001
00000001
00000000
00000001
00000001
00000000
00000000
00000000
00000000
00000000
00000000
00000000
00000000
00000001
00000000
00000001
00000001
00000001
00000001
00000001
00000001
00000000
00000001
00000000
00000000
00000000
00000000
00000000
00000000
00000001
00000000
00000001
00000001
00000000
00000001
00000001
00000001
00000001
00000001
00000000
00000000
00000001
00000000
00000000
00000001
00000000
00000000
00000001
00000000
00000000
00000001
00000001
00000000
00000001
00000000
00000000
00000001
00000001
00000000
00000001
00000001
00000000
00000001
00000000
00000000
00000000
00000001
00000000
00000000
00000001
00000001
00000001
00000001
00000001
00000000
00000001
00000001
00000000
00000000
00000000
00000000
00000000
00000000
00000000
00000000
00000001
00000000
00000001
00000001
00000001
00000001
00000001
00000001
00000000
00000001
00000000
00000000
00000001
00000000
00000000
00000000
00000000
00000001
00000001
00000001
00000000
00000001
00000001
00000000
00000001
00000000
00000000
00000000
00000001
00000000
00000000
00000000
00000000
00000001
00000001
00000000
00000000
00000001
00000001
00000001
00000001
00000000
00000000
00000001
00000001
00000000
00000000
00000000
00000000
00000001
00000001
00000000
00000000
00000001
00000001
00000001
00000001
00000000
00000001
00000001
00000001
00000000
00000001
00000000
00000000
00000001
00000000
00000000
00000000
00000001
00000000
00000001
00000001
00000000
00000001
00000001
00000001
00000001
00000001
00000000
00000000
00000000
00000000
00000000
00000000
00000000
00000000
00000001
00000001
00000001
00000001
00000001
00000000
00000001
00000001
00000000
00000001
00000000
00000000
00000000
00000001
00000000
00000000
00000000
00000000
00000001
00000001
00000000
00000000
00000001
00000001
00000001
00000001
00000000
00000000
00000001
00000001
00000000
00000001
00000000
00000000
00000001
00000000
00000000
00000001
00000001
00000001
00000001
00000001
00000000
00000001
00000001
00000000
00000000
00000000
00000000
00000000
00000000
00000000
00000000
00000001
00000000
00000001
00000001
00000001
00000001
00000001
00000001
00000000
00000001
00000000
00000000
00000001
00000000
00000000
00000000
00000000
00000000
00000001
00000001
00000000
00000001
00000001
00000001
00000001
00000001
00000000
00000000
00000001
00000000
00000000
00000001
00000000
00000000
00000001
00000000
00000000
00000001
00000001
00000000
00000001
00000001
00000000
00000001
00000001
00000000
00000000
00000001
00000000
00000000
00000001
00000000
00000000
00000001
00000000
00000000
00000001
00000001
00000001
00000001
00000001
00000000
00000001
00000001
00000000
00000000
00000000
00000000
00000000
00000001
00000000
00000001
00000001
00000001
00000001
00000001
00000001
00000001
00000001
00000000
00000000
00000000
00000000
00000000
00000000
00000000
00000000
00000001
00000001
00000001
00000001
00000001
00000000
00000001
00000001
00000000
00000001
00000000
00000000
00000000
00000001
00000000
00000000
00000001
00000000
00000001
00000001
00000001
00000000
00000001
00000001
00000000
00000001
00000000
00000000
00000001
00000001
00000000
00000000
00000000
00000000
00000001
00000001
00000000
00000000
00000001
00000001
00000001
00000001
00000000
00000000
00000001
00000001
00000000
00000001
00000000
00000000
00000001
00000000
00000000
00000000
00000001
00000000
00000001
00000001
00000001
00000001
00000001
00000001
00000001
00000001
00000000
00000000
00000000
00000000
00000000
00000000
00000000
00000000
00000001
00000001
00000000
00000000
00000001
00000000
00000000
00000001
00000000
00000000
00000001
00000001
00000000
00000001
00000001
00000000
00000001
00000001
00000000
00000001
00000000
00000000
00000001
00000000
00000000
00000000
00000001
00000000
00000001
00000001
00000000
00000001
00000001
00000001
00000000
00000001
00000000
00000000
00000001
00000001
00000000
00000001
00000001
00000000
00000001
00000001
00000000
00000000
00000001
00000000
00000000
00000000
00000000
00000000
00000001
00000000
00000000
00000001
00000001
00000001
00000001
00000001
00000000
00000001
00000001
00000000
00000000
00000000
00000000
00000000
00000001
00000000
00000000
00000001
00000001
00000001
00000001
00000001
00000001
00000001
00000000
00000000
00000000
00000000
00000000
00000000
00000000
00000000
00000000
00000001
00000001
00000001
00000001
00000001
00000001
00000001
00000000
00000001
00000000
00000000
00000000
00000001
00000000
00000000
00000001
00000000
00000001
00000001
00000001
00000000
00000001
00000001
00000000
00000001
00000000
00000000
00000001
00000001
00000000
00000001
00000000
00000000
00000001
00000001
00000000
00000001
00000001
00000000
00000001
00000001
00000000
00000000
00000001
00000001
00000000
00000000
00000000
00000000
00000001
00000000
00000000
00000000
00000001
00000001
00000001
00000001
00000000
00000001
00000001
00000000
00000001
00000000
00000000
00000000
00000000
00000000
00000000
00000001
00000000
00000001
00000001
00000001
00000001
00000001
00000001
00000000
00000001
00000000
00000000
00000001
00000000
00000000
00000000
00000000
00000001
00000001
00000000
00000000
00000001
00000001
00000001
00000001
00000000
00000001
00000001
00000001
00000000
00000000
00000000
00000001
00000001
00000001
00000001
00000001
00000001
00000000
00000000
00000001
00000001
00000001
00000000
00000001
00000000
00000000
00000001
00000000
00000001
00000001
00000001
00000000
00000001
00000001
00000001
00000001
00000000
00000000
00000001
00000001
00000000
00000000
00000000
00000000
00000001
00000001
00000000
00000000
00000001
00000001
00000001
00000001
00000000
00000000
00000001
00000000
00000000
00000000
00000000
00000000
00000001
00000000
00000000
00000001
00000001
00000001
00000001
00000001
00000000
00000001
00000001
00000000
00000000
00000000
00000000
00000000
00000000
00000000
00000000
00000001
00000001
00000001
00000001
00000001
00000001
00000001
00000000
00000000
00000000
00000000
00000000
00000000
00000000
00000000
00000001
00000001
00000001
00000001
00000001
00000001
00000000
00000000
00000000
00000000
00000001
00000001
00000000
00000000
00000001
00000001
00000001
00000001
00000000
00000000
00000001
00000001
00000000
00000000
00000000
00000000
00000001
00000000
00000000
00000000
00000001
00000001
00000000
00000001
00000000
00000001
00000000
00000000
00000000
00000001
00000001
00000000
00000000
00000000
00000001
00000000
00000000
00000000
00000001
00000000
00000000
00000001
00000001
00000000
00000000
00000000
00000000
00000000
00000001
00000001
00000001
00000001
00000000
00000000
00000000
00000000
00000001
00000000
00000001
00000001
00000000
00000001
00000001
00000001
00000001
00000000
00000000
00000000
00000000
00000000
00000000
00000001
00000000
00000001
00000001
00000001
00000001
00000001
00000001
00000001
00000001
00000000
00000000
00000001
00000000
00000000
00000000
00000000
00000000
00000001
00000001
00000000
00000001
00000001
00000001
00000001
00000001
00000000
00000001
00000001
00000000
00000000
00000001
00000000
00000000
00000001
00000000
00000000
00000001
00000001
00000000
00000001
00000001
00000000
00000001
00000001
00000000
00000001
00000001
00000000
00000000
00000000
00000000
00000000
00000001
00000000
00000000
00000001
00000001
00000001
00000001
00000001
00000000
00000001
00000001
00000000
00000001
00000000
00000000
00000000
00000000
00000000
00000000
00000001
00000000
00000001
00000001
00000001
00000001
00000001
00000001
00000000
00000001
00000000
00000000
00000001
00000000
00000000
00000000
00000000
00000000
00000001
00000001
00000000
00000001
00000001
00000001
00000001
00000001
00000000
00000000
00000001
00000000
00000001
00000001
00000001
00000000
00000000
00000001
00000000
00000000
00000001
00000000
00000000
00000001
00000001
00000000
00000001
00000001
00000000
00000001
00000001
00000000
00000001
00000001
00000000
00000000
00000000
00000000
00000000
00000001
00000000
00000000
00000001
00000001
00000001
00000001
00000001
00000000
00000001
00000001
00000000
00000001
00000001
00000001
00000001
00000001
00000000
00000000
00000001
00000000
00000000
00000000
00000000
00000000
00000001
00000000
00000000
00000000
00000000
00000001
00000001
00000000
00000000
00000000
00000000
00000001
00000000
00000000
00000000
00000001
00000001
00000001
00000001
00000001
00000001
00000001
00000000
00000001
00000000
00000000
00000000
00000000
00000000
00000000
00000001
00000000
00000001
00000001
00000001
00000000
00000000
00000000
00000000
00000001
00000000
00000001
00000000
00000001
00000000
00000001
00000001
00000000
00000001
00000001
00000001
00000000
00000001
00000000
00000000
00000001
00000000
00000000
00000000
00000000
00000000
00000001
00000000
00000000
00000000
00000000
00000000
00000001
00000000
00000000
00000001
00000001
00000001
00000001
00000001
00000001
00000001
00000000
00000000
00000000
00000000
00000000
00000001
00000000
00000001
00000000
00000000
00000001
00000001
00000001
00000001
00000000
00000001
00000001
00000001
00000000
00000000
00000000
00000000
00000000
00000000
00000001
00000001
00000001
00000000
00000000
00000000
00000001
00000001
00000001
00000001
00000000
00000001
00000001
00000001
00000001
00000000
00000001
00000000
00000001
00000000
00000001
00000000
00000000
00000001
00000001
00000000
00000000
00000001
00000000
00000000
00000000
00000001
00000001
00000000
00000000
00000000
00000001
00000000
00000001
00000001
00000001
00000000
00000000
00000000
00000001
00000000
00000001
00000001
00000001
00000001
00000000
00000001
00000000
00000000
00000000
00000001
00000001
00000001
00000000
00000001
00000000
00000001
00000001
00000000
00000001
00000000
00000001
00000000
00000001
00000000
00000000
00000001
00000000
00000000
00000001
00000000
00000001
00000001
00000001
00000000
00000001
00000000
00000000
00000000
00000000
00000000
00000001
00000001
00000000
00000001
00000000
00000000
00000000
00000001
00000001
00000000
00000001
00000000
00000000
00000001
00000001
00000001
00000001
00000000
00000001
00000000
00000000
00000001
00000000
00000000
00000001
00000001
00000001
00000001
00000000
00000000
00000001
00000000
00000000
00000001
00000000
00000000
00000001
00000001
00000000
00000001
00000000
00000000
00000000
00000000
00000000
00000001
00000001
00000000
00000000
00000000
00000000
00000000
00000000
00000001
00000001
00000001
00000000
00000001
00000000
00000001
00000001
00000001
00000001
00000001
00000001
00000001
00000000
00000001
00000000
00000000
00000000
00000000
00000001
00000001
00000000
00000000
00000001
00000001
00000001
00000001
00000000
00000001
00000001
00000000
00000000
00000000
00000000
00000000
00000000
00000001
00000001
00000000
00000001
00000001
00000000
00000001
00000000
00000000
00000001
00000001
00000000
00000001
00000000
00000000
00000001
00000000
00000001
00000001
00000000
00000001
00000001
00000001
00000001
00000000
00000000
00000000
00000000
00000000
00000000
00000000
00000001
00000001
00000001
00000000
00000001
00000000
00000001
00000001
00000000
00000001
00000001
00000000
00000001
00000000
00000000
00000000
00000000
00000001
00000001
00000001
00000001
00000001
00000000
00000001
00000000
00000000
00000000
00000001
00000000
00000001
00000000
00000000
00000001
00000001
00000000
00000001
00000000
00000001
00000001
00000001
00000000
00000000
00000000
00000000
00000000
00000000
00000000
00000000
00000001
00000001
00000001
00000000
00000001
00000000
00000001
00000001
00000000
00000000
00000000
00000000
00000001
00000000
00000000
00000000
00000001
00000001
00000001
00000001
00000001
00000001
00000001
00000000
00000000
00000000
00000000
00000001
00000000
00000001
00000000
00000000
00000001
00000001
00000000
00000001
00000000
00000001
00000001
00000001
00000001
00000000
00000000
00000000
00000000
00000000
00000000
00000000
00000000
00000001
00000001
00000000
00000001
00000000
00000000
00000001
00000000
00000000
00000001
00000000
00000001
00000001
00000000
00000001
00000000
00000001
00000001
00000001
00000000
00000001
00000000
00000000
00000000
00000000
00000000
00000001
00000001
00000001
00000001
00000000
00000001
00000001
00000001
00000001
00000001
00000000
00000000
00000001
00000000
00000000
00000000
00000000
00000001
00000001
00000000
00000001
00000001
00000001
00000001
00000001
00000000
00000001
00000000
00000000
00000000
00000000
00000000
00000001
00000000
00000001
00000001
00000000
00000001
00000001
00000001
00000001
00000000
00000000
00000001
00000000
00000000
00000000
00000000
00000000
00000001
00000000
00000001
00000001
00000001
00000001
00000001
00000000
00000001
00000000
00000000
00000001
00000000
00000000
00000001
00000000
00000001
00000001
00000000
00000000
00000001
00000001
00000001
00000001
00000000
00000001
00000000
00000000
00000000
00000000
00000000
00000000
00000000
00000001
00000001
00000000
00000001
00000001
00000000
00000001
00000000
00000000
00000001
00000001
00000000
00000001
00000000
00000000
00000001
00000000
00000001
00000001
00000000
00000001
00000001
00000001
00000001
00000000
00000000
00000001
00000000
00000000
00000000
00000000
00000001
00000001
00000000
00000000
00000001
00000000
00000001
00000001
00000000
00000001
00000001
00000000
00000001
00000000
00000000
00000000
00000000
00000001
00000001
00000001
00000001
00000001
00000001
00000001
00000000
00000000
00000001
00000001
00000000
00000001
00000000
00000000
00000001
00000000
00000001
00000001
00000000
00000001
00000001
00000001
00000001
00000000
00000000
00000001
00000000
00000000
00000000
00000000
00000001
00000001
00000000
00000000
00000001
00000000
00000001
00000001
00000000
00000001
00000000
00000000
00000000
00000000
00000000
00000001
00000001
00000001
00000001
00000001
00000000
00000001
00000001
00000001
00000000
00000001
00000000
00000000
00000000
00000000
00000001
00000000
00000001
00000001
00000001
00000000
00000001
00000000
00000001
00000001
00000000
00000000
00000000
00000000
00000001
00000000
00000000
00000000
00000000
00000001
00000001
00000001
00000001
00000001
00000000
00000001
00000000
00000000
00000000
00000000
00000000
00000001
00000000
00000000
00000001
00000000
00000001
00000001
00000000
00000001
00000001
00000000
00000001
00000000
00000000
00000000
00000000
00000000
00000001
00000000
00000001
00000001
00000001
00000001
00000001
00000000
00000001
00000001
00000000
00000000
00000000
00000000
00000001
00000000
00000000
00000001
00000001
00000001
00000001
00000001
00000001
00000001
00000000
00000000
00000000
00000000
00000000
00000000
00000000
00000001
00000000
00000000
00000001
00000001
00000001
00000001
00000000
00000001
00000001
00000000
00000000
00000000
00000000
00000000
00000000
00000001
00000001
00000001
00000001
00000001
00000001
00000001
00000000
00000000
00000000
00000001
00000000
00000001
00000000
00000000
00000001
00000000
00000001
00000001
00000000
00000001
00000001
00000000
00000001
00000000
00000000
00000000
00000000
00000000
00000001
00000000
00000001
00000001
00000000
00000001
00000001
00000000
00000001
00000001
00000000
00000001
00000000
00000000
00000001
00000000
00000000
00000001
00000000
00000001
00000001
00000001
00000001
00000001
00000000
00000001
00000000
00000000
00000001
00000000
00000000
00000001
00000000
00000000
00000001
00000000
00000001
00000001
00000000
00000001
00000001
00000000
00000000
00000000
00000000
00000000
00000000
00000000
00000001
00000000
00000001
00000001
00000000
00000001
00000000
00000000
00000001
00000001
00000000
00000001
00000000
00000000
00000001
00000000
00000000
00000001
00000001
00000001
00000001
00000000
00000001
00000001
00000000
00000001
00000000
00000000
00000000
00000000
00000001
00000000
00000000
00000001
00000001
00000001
00000001
00000001
00000001
00000001
00000001
00000001
00000000
00000001
00000000
00000000
00000001
00000000
00000000
00000001
00000001
00000000
00000000
00000001
00000000
00000000
00000000
00000000
00000001
00000001
00000000
00000000
00000001
00000001
00000001
00000000
00000001
00000000
00000000
00000001
00000000
00000000
00000000
00000000
00000000
00000001
00000001
00000000
00000001
00000001
00000000
00000001
00000001
00000000
00000001
00000001
00000000
00000000
00000001
00000000
00000000
00000000
00000000
00000000
00000001
00000000
00000000
00000001
00000000
00000000
00000001
00000000
00000000
00000001
00000000
00000000
00000001
00000001
00000000
00000001
00000001
00000001
00000001
00000001
00000000
00000001
00000001
00000000
00000000
00000000
00000000
00000000
00000001
00000000
00000000
00000001
00000001
00000001
00000001
00000001
00000000
00000001
00000000
00000000
00000000
00000000
00000000
00000000
00000000
00000000
00000001
00000001
00000001
00000001
00000001
00000001
00000001
00000001
00000000
00000000
00000000
00000000
00000000
00000000
00000000
00000000
00000001
00000000
00000001
00000001
00000001
00000000
00000001
00000001
00000000
00000001
00000000
00000000
00000000
00000001
00000000
00000000
00000001
00000000
00000001
00000001
00000000
00000000
00000001
00000001
00000001
00000001
00000000
00000000
00000001
00000001
00000000
00000000
00000000
00000000
00000001
00000001
00000000
00000000
00000001
00000001
00000001
00000001
00000000
00000001
00000001
00000001
00000000
00000001
00000000
00000000
00000001
00000000
00000000
00000000
00000001
00000000
00000001
00000001
00000001
00000001
00000001
00000001
00000001
00000001
00000000
00000000
00000000
00000000
00000000
00000000
00000000
00000000
00000001
00000001
00000001
00000001
00000001
00000001
00000001
00000001
00000000
00000001
00000000
00000000
00000000
00000001
00000000
00000000
00000001
00000000
00000001
00000001
00000001
00000000
00000001
00000001
00000000
00000001
00000000
00000000
00000000
00000001
00000000
00000000
00000000
00000000
00000001
00000001
00000000
00000000
00000001
00000001
00000001
00000001
00000000
00000000
00000001
00000001
00000000
00000000
00000000
00000000
00000001
00000000
00000000
00000000
00000001
00000000
00000001
00000001
00000000
00000001
00000001
00000001
00000000
00000001
00000000
00000000
00000001
00000000
00000000
00000000
00000001
00000000
00000001
00000001
00000001
00000001
00000001
00000001
00000001
00000001
00000000
00000000
00000000
00000000
00000000
00000000
00000000
00000000
00000001
00000001
00000001
00000001
00000001
00000000
00000001
00000001
00000000
00000001
00000000
00000000
00000000
00000001
00000000
00000000
00000001
00000000
00000001
00000001
00000001
00000001
00000001
00000000
00000001
00000001
00000000
00000000
00000001
00000000
00000000
00000001
00000000
00000000
00000001
00000001
00000001
00000001
00000000
00000001
00000001
00000001
00000000
00000001
00000000
00000000
00000001
00000000
00000000
00000000
00000000
00000000
00000001
00000001
00000001
00000001
00000001
00000001
00000001
00000001
00000000
00000000
00000000
00000000
00000000
00000000
00000000
00000000
00000001
00000000
00000001
00000001
00000001
00000000
00000001
00000001
00000000
00000001
00000000
00000000
00000000
00000001
00000000
00000000
00000001
00000000
00000001
00000001
00000000
00000000
00000001
00000001
00000001
00000001
00000000
00000000
00000001
00000001
00000000
00000001
00000000
00000000
00000001
00000000
00000000
00000000
00000001
00000000
00000001
00000001
00000001
00000001
00000001
00000001
00000001
00000001
00000000
00000000
00000000
00000000
00000000
00000000
00000000
00000001
00000001
00000000
00000001
00000001
00000001
00000001
00000001
00000000
00000000
00000001
00000000
00000000
00000000
00000000
00000000
00000001
00000000
00000000
00000001
00000001
00000000
00000001
00000001
00000000
00000001
00000001
00000000
00000001
00000000
00000000
00000001
00000000
00000000
00000000
00000001
00000000
00000001
00000001
00000000
00000001
00000001
00000001
00000001
00000001
00000000
00000000
00000000
00000000
00000000
00000001
00000000
00000001
00000001
00000001
00000001
00000001
00000001
00000001
00000001
00000000
00000000
00000001
00000000
00000000
00000000
00000000
00000000
00000001
00000000
00000000
00000001
00000001
00000001
00000001
00000000
00000000
00000001
00000001
00000000
00000000
00000000
00000001
00000001
00000001
00000001
00000001
00000001
00000001
00000000
00000001
00000000
00000000
00000000
00000000
00000000
00000001
00000001
00000000
00000001
00000001
00000000
00000001
00000000
00000000
00000001
00000001
00000000
00000000
00000000
00000000
00000001
00000000
00000000
00000000
00000001
00000001
00000001
00000001
00000001
00000000
00000001
00000001
00000000
00000000
00000001
00000000
00000001
00000001
00000000
00000000
00000001
00000001
00000001
00000001
00000000
00000001
00000001
00000001
00000000
00000001
00000000
00000000
00000001
00000000
00000000
00000000
00000001
00000000
00000001
00000001
00000000
00000001
00000001
00000001
00000001
00000001
00000000
00000000
00000000
00000000
00000000
00000000
00000000
00000001
00000001
00000000
00000001
00000001
00000001
00000001
00000000
00000000
00000000
00000001
00000000
00000000
00000000
00000000
00000001
00000001
00000000
00000000
00000001
00000000
00000001
00000001
00000000
00000001
00000001
00000001
00000000
00000001
00000000
00000000
00000000
00000000
00000000
00000000
00000000
00000000
00000001
00000000
00000001
00000001
00000001
00000000
00000001
00000001
00000001
00000001
00000000
00000000
00000001
00000000
00000000
00000001
00000000
00000000
00000001
00000001
00000000
00000001
00000000
00000001
00000001
00000001
00000001
00000000
00000000
00000000
00000000
00000000
00000000
00000001
00000000
00000001
00000001
00000000
00000001
00000001
00000001
00000001
00000000
00000000
00000000
00000001
00000000
00000000
00000001
00000000
00000000
00000001
00000000
00000000
00000001
00000001
00000000
00000001
00000001
00000000
00000001
00000001
00000000
00000000
00000001
00000000
00000000
00000001
00000000
00000000
00000001
00000000
00000000
00000001
00000001
00000001
00000001
00000001
00000000
00000001
00000001
00000000
00000000
00000000
00000000
00000000
00000001
00000000
00000000
00000001
00000000
00000001
00000001
00000001
00000001
00000001
00000001
00000000
00000001
00000000
00000000
00000000
00000000
00000000
00000000
00000001
00000001
00000001
00000001
00000001
00000001
00000001
00000000
00000000
00000000
00000000
00000000
00000001
00000000
00000000
00000001
00000000
00000001
00000001
00000001
00000000
00000001
00000001
00000000
00000001
00000000
00000000
00000000
00000001
00000000
00000000
00000000
00000000
00000001
00000001
00000000
00000000
00000001
00000001
00000001
00000001
00000000
00000000
00000001
00000001
00000000
00000000
00000000
00000000
00000001
00000001
00000000
00000000
00000001
00000001
00000001
00000001
00000000
00000001
00000001
00000001
00000000
00000001
00000000
00000000
00000001
00000000
00000000
00000000
00000001
00000000
00000001
00000001
00000000
00000001
00000001
00000001
00000000
00000001
00000000
00000000
00000000
00000000
00000000
00000000
00000000
00000000
00000001
00000001
00000001
00000001
00000001
00000001
00000001
00000001
00000000
00000000
00000000
00000000
00000000
00000001
00000000
00000000
00000001
00000000
00000001
00000001
00000001
00000000
00000001
00000001
00000000
00000001
00000000
00000000
00000000
00000001
00000000
00000000
00000001
00000000
00000001
00000001
00000000
00000000
00000001
00000001
00000001
00000001
00000000
00000000
00000001
00000001
00000000
00000000
00000000
00000000
00000001
00000001
00000000
00000000
00000001
00000001
00000001
00000001
00000000
00000001
00000001
00000001
00000000
00000001
00000000
00000000
00000001
00000000
00000000
00000000
00000001
00000000
00000001
00000001
00000000
00000001
00000001
00000001
00000000
00000001
00000000
00000000
00000000
00000000
00000000
00000000
00000000
00000000
00000001
00000001
00000001
00000001
00000001
00000001
00000001
00000001
00000000
00000000
00000000
00000000
00000000
00000001
00000000
00000000
00000001
00000000
00000001
00000001
00000001
00000000
00000001
00000001
00000000
00000001
00000000
00000000
00000000
00000001
00000000
00000000
00000001
00000000
00000001
00000001
00000000
00000000
00000001
00000001
00000001
00000001
00000000
00000000
00000001
00000001
00000000
00000000
00000000
00000000
00000001
00000001
00000000
00000000
00000001
00000001
00000001
00000001
00000001
00000001
00000001
00000001
00000000
00000000
00000001
00000001
00000001
00000001
00000001
00000001
00000000
00000001
00000000
00000000
00000001
00000001
00000001
00000001
00000000
00000000
00000000
00000000
00000001
00000001
00000001
00000000
00000000
00000001
00000000
00000000
00000001
00000000
00000000
00000001
00000001
00000000
00000001
00000001
00000001
00000001
00000000
00000001
00000001
00000001
00000000
00000001
00000000
00000001
00000000
00000000
00000000
00000001
00000001
00000000
00000000
00000000
00000001
00000000
00000001
00000000
00000001
00000001
00000001
00000001
00000001
00000000
00000001
00000000
00000000
00000001
00000000
00000000
00000000
00000000
00000000
00000001
00000001
00000000
00000001
00000001
00000001
00000001
00000001
00000000
00000000
00000001
00000000
00000000
00000001
00000000
00000000
00000001
00000000
00000000
00000001
00000001
00000000
00000001
00000001
00000000
00000001
00000001
00000000
00000000
00000001
00000000
00000000
00000001
00000000
00000000
00000001
00000000
00000000
00000001
00000001
00000001
00000001
00000001
00000000
00000000
00000000
00000000
00000001
00000001
00000001
00000001
00000000
00000000
00000000
00000000
00000001
00000001
00000001
00000001
00000000
00000000
00000000
00000000
00000001
00000001
00000001
00000001
00000000
00000000
00000000
00000000
00000001
00000001
00000001
00000001
00000000
00000000
00000000
00000000
00000001
00000001
00000000
00000001
00000000
00000001
00000000
00000001
00000001
00000000
00000001
00000001
00000001
00000001
00000001
00000001
00000001
00000001
00000000
00000000
00000000
00000000
00000000
00000000
00000000
00000001
00000001
00000000
00000000
00000000
00000000
00000000
00000000
00000001
00000001
00000000
00000001
00000001
00000001
00000001
00000001
00000000
00000000
00000001
00000000
00000000
00000000
00000000
00000000
00000001
00000001
00000000
00000001
00000001
00000000
00000001
00000001
00000000
00000001
00000001
00000000
00000000
00000001
00000000
00000000
00000001
00000000
00000000
00000001
00000001
00000000
00000001
00000001
00000001
00000001
00000000
00000000
00000000
00000001
00000000
00000001
00000001
00000001
00000001
00000001
00000000
00000000
00000001
00000001
00000001
00000000
00000001
00000000
00000001
00000000
00000000
00000000
00000001
00000001
00000000
00000000
00000001
00000001
00000000
00000000
00000000
00000001
00000000
00000001
00000001
00000001
00000001
00000000
00000000
00000000
00000001
00000000
00000000
00000001
00000000
00000001
00000001
00000001
00000000
00000001
00000001
00000001
00000001
00000000
00000000
00000001
00000001
00000000
00000001
00000000
00000000
00000001
00000001
00000000
00000000
00000001
00000000
00000001
00000001
00000000
00000001
00000001
00000001
00000000
00000001
00000000
00000000
00000001
00000000
00000000
00000000
00000001
00000000
00000001
00000001
00000001
00000001
00000001
00000000
00000001
00000000
00000000
00000000
00000000
00000000
00000000
00000001
00000000
00000001
00000001
00000001
00000001
00000001
00000001
00000001
00000001
00000000
00000000
00000001
00000000
00000000
00000000
00000000
00000000
00000001
00000001
00000000
00000001
00000001
00000001
00000001
00000001
00000000
00000000
00000001
00000000
00000000
00000001
00000000
00000000
00000001
00000000
00000000
00000001
00000001
00000000
00000001
00000001
00000000
00000001
00000001
00000000
00000000
00000001
00000000
00000000
00000001
00000000
00000000
00000001
00000000
00000000
00000001
00000001
00000001
00000001
00000001
